# Directed graph (each unordered pair of nodes is saved once): random_graph.txt
# Random graph network
# Nodes: 100 Edges: 200
# FromNodeId	ToNodeId
0	18
0	42
0	49
0	43
1	47
1	75
1	48
2	11
2	34
2	44
2	84
2	97
3	4
3	17
4	3
4	65
4	24
4	16
4	75
5	53
5	95
5	76
5	11
5	43
5	98
6	37
6	91
6	46
6	76
6	45
7	60
7	13
7	91
7	43
7	30
8	96
8	73
9	89
9	45
10	77
10	79
10	34
10	42
10	70
10	46
11	2
11	92
11	48
11	30
11	5
13	43
13	7
13	65
13	94
14	62
14	61
14	80
14	40
15	61
15	67
16	50
16	4
16	66
17	47
17	3
18	0
18	83
18	37
18	47
18	52
18	93
18	19
19	29
19	18
20	68
21	33
21	44
21	85
21	35
22	82
22	83
22	74
22	49
23	67
23	98
23	68
23	79
23	42
24	47
24	88
24	4
24	53
25	42
25	68
26	33
27	48
27	58
28	45
28	64
29	50
29	85
29	19
29	39
30	60
30	89
30	11
30	85
30	7
30	98
31	83
31	74
32	81
32	67
33	71
33	21
33	73
33	26
33	99
34	44
34	2
34	78
34	10
34	52
35	67
35	94
35	44
35	21
36	49
36	87
37	6
37	18
37	45
37	61
38	42
38	81
39	79
39	29
39	50
40	59
40	65
40	14
41	57
41	77
42	25
42	56
42	89
42	0
42	62
42	81
42	10
42	23
42	38
43	13
43	99
43	7
43	0
43	5
43	85
43	97
44	34
44	90
44	2
44	35
44	21
44	50
45	90
45	37
45	9
45	6
45	28
46	47
46	74
46	92
46	6
46	79
46	57
46	85
46	10
47	17
47	24
47	46
47	1
47	18
47	53
48	27
48	11
48	1
49	36
49	0
49	22
50	29
50	70
50	77
50	16
50	39
50	44
51	61
51	60
52	56
52	18
52	34
52	57
53	5
53	90
53	47
53	95
53	24
54	97
56	42
56	52
57	41
57	84
57	96
57	46
57	66
57	52
58	27
58	92
59	67
59	74
59	98
59	77
59	60
59	40
60	7
60	30
60	59
60	94
60	51
61	76
61	14
61	51
61	15
61	37
61	67
61	75
62	14
62	79
62	92
62	71
62	42
62	72
63	92
63	70
63	79
63	96
63	75
63	65
64	96
64	28
65	4
65	13
65	63
65	40
65	94
66	81
66	16
66	57
67	59
67	23
67	35
67	87
67	32
67	81
67	15
67	97
67	61
68	20
68	23
68	25
68	97
69	73
69	72
70	50
70	63
70	81
70	10
71	33
71	95
71	74
71	62
71	89
71	99
72	69
72	62
73	94
73	69
73	82
73	33
73	8
74	59
74	46
74	22
74	71
74	31
75	76
75	1
75	63
75	4
75	61
76	61
76	6
76	5
76	75
77	10
77	78
77	59
77	50
77	87
77	93
77	41
78	77
78	34
79	39
79	10
79	62
79	63
79	23
79	46
80	14
81	32
81	66
81	70
81	42
81	93
81	67
81	38
81	91
82	22
82	86
82	73
83	22
83	18
83	31
84	57
84	2
85	29
85	30
85	96
85	43
85	21
85	46
86	82
86	96
87	67
87	77
87	97
87	36
88	24
89	96
89	42
89	9
89	30
89	98
89	71
89	95
90	45
90	44
90	53
91	6
91	7
91	81
92	63
92	46
92	11
92	62
92	58
93	77
93	81
93	18
94	73
94	35
94	65
94	60
94	13
95	71
95	5
95	53
95	89
96	89
96	8
96	57
96	64
96	63
96	85
96	86
97	54
97	87
97	2
97	68
97	43
97	67
98	59
98	23
98	89
98	30
98	5
99	43
99	71
99	33
